# Input file for NRG Ljubljana
# symtype 	QS
# Using sneg version 	1.251
#!9
# Number of channels, chain sites, subspaces: 
1	33	6
# SCALE 	1.0201394465967895
# Energies (GS energy subtracted, multiplied by 1/SCALE):
-2	1
1
DIAG 	ham.model..QS_-2.1
-1	2
2
DIAG 	ham.model..QS_-1.2
0	1
3
DIAG 	ham.model..QS_0.1
0	3
1
DIAG 	ham.model..QS_0.3
1	2
2
DIAG 	ham.model..QS_1.2
2	1
1
DIAG 	ham.model..QS_2.1
# Irreducible matrix elements for Wilson chains:
f 0 0
6
2	1	1	2
0.	1.4142135623730951
1	2	0	3
1.224744871391589
0.
1	2	0	1
0.	-0.7071067811865475	0.
0.	0.	1.
0	3	-1	2
0.	1.
0	1	-1	2
1.4142135623730951	0.
0.	1.
0.	0.
-1	2	-2	1
1.
0.
# GS energy in absolute units:
e
1
# Irreducible matrix elements for other operators:
sn_d
6
-2	1	-2	1
0.
-1	2	-1	2
0.	0.
0.	1.
0	1	0	1
0.	0.	0.
0.	1.	0.
0.	0.	2.
0	3	0	3
1.
1	2	1	2
1.	0.
0.	2.
2	1	2	1
2.
sn_d^2
6
-2	1	-2	1
0.
-1	2	-1	2
0.	0.
0.	1.
0	1	0	1
0.	0.	0.
0.	1.	0.
0.	0.	4.
0	3	0	3
1.
1	2	1	2
1.	0.
0.	4.
2	1	2	1
4.
shop0
6
-2	1	-2	1
0.
-1	2	-1	2
0.	1.
1.	0.
0	1	0	1
0.	1.4142135623730951	0.
1.4142135623730951	0.	1.4142135623730951
0.	1.4142135623730951	0.
0	3	0	3
0.
1	2	1	2
0.	-1.
-1.	0.
2	1	2	1
0.
dA_d
6
2	1	1	2
1.4142135623730951	0.
1	2	0	3
0.
-1.224744871391589
1	2	0	1
1.	0.	0.
0.	-0.7071067811865475	0.
0	3	-1	2
-1.	0.
0	1	-1	2
0.	0.
1.	0.
0.	1.4142135623730951
-1	2	-2	1
0.
1.
tsigma_d
8
2	1	2	1
0.
1	2	1	2
0.8660254037844386	0.
0.	0.
0	3	0	3
0.7071067811865476
0	3	0	1
0.	0.5	0.
0	1	0	3
0.
-0.8660254037844386
0.
0	1	0	1
0.	0.	0.
0.	0.	0.
0.	0.	0.
-1	2	-1	2
0.	0.
0.	0.8660254037844386
-2	1	-2	1
0.
dself_d
6
2	1	1	2
0.14142135623730953	0.
1	2	0	3
0.
-0.1224744871391589
1	2	0	1
0.	0.	0.
0.	-0.07071067811865475	0.
0	3	-1	2
0.	0.
0	1	-1	2
0.	0.
0.	0.
0.	0.14142135623730953
-1	2	-2	1
0.
0.
# Discretization tables:
z
33
0.54528747084262258072
0.41550946829175445321
0.32189917767609217007
0.24026940945817134999
0.17491491876878190148
0.1255632919492425567
0.089470825293627291865
0.063510869308076484098
0.044996379470179667096
0.031848263486986543262
0.02253110983902918545
0.015935788517226129833
0.011269679355652260707
0.0079693530232529236137
0.005635355527382067776
0.0039848589093791197289
0.002817742254109916536
0.0019924522560394299813
0.0014088791886456154369
0.00099622897823941393816
0.00070444060203064941139
0.00049811484539876202341
0.00035222042697908646776
0.00024905746723431266512
0.00017611022923502225261
0.0001245287391840243446
0.000088055116585696278598
0.000062264370287870722409
0.000044027558538871291928
0.000031132185230917681487
0.000022013779300188540311
0.000015566092626331630826
0.000011006889653938381957
7.783046314524914175e-6
33
0.e-999
0.e-998
0.e-997
0.e-997
0.e-996
0.e-995
0.e-994
0.e-993
0.e-992
0.e-991
0.e-991
0.e-990
0.e-989
0.e-988
0.e-987
0.e-986
0.e-986
0.e-985
0.e-984
0.e-983
0.e-982
0.e-981
0.e-981
0.e-980
0.e-979
0.e-978
0.e-977
0.e-976
0.e-975
0.e-975
0.e-974
0.e-973
0.e-972
0.e-971
