# Input file for NRG Ljubljana
# symtype 	QSZ
# Using sneg version 	1.251
#!9
# Number of channels, chain sites, subspaces: 
1	0	9
# SCALE 	1.0201394465967895
# Energies (GS energy subtracted, multiplied by 1/SCALE):
-2	1
1
DIAG 	ham_-2.1
-1	0
2
DIAG 	ham_-1.0
-1	2
2
DIAG 	ham_-1.2
0	-1
1
DIAG 	ham_0.-1
0	1
4
DIAG 	ham_0.1
0	3
1
DIAG 	ham_0.3
1	0
2
DIAG 	ham_1.0
1	2
2
DIAG 	ham_1.2
2	1
1
DIAG 	ham_2.1
# Irreducible matrix elements for Wilson chains:
f 0 0
12
2	1	1	2
0.	-1.
2	1	1	0
0.	1.
1	2	0	3
1.
0.
1	2	0	1
0.	0.	-1.	0.
0.	0.	0.	1.
1	0	0	1
0.	1.	0.	0.
0.	0.	0.	1.
1	0	0	-1
-1.
0.
0	3	-1	2
0.	-1.
0	1	-1	2
-1.	0.
0.	0.
0.	-1.
0.	0.
0	1	-1	0
1.	0.
0.	-1.
0.	0.
0.	0.
0	-1	-1	0
0.	-1.
-1	2	-2	1
1.
0.
-1	0	-2	1
1.
0.
# GS energy in absolute units:
e
1
# Irreducible matrix elements for other operators:
sn_d
9
-2	1	-2	1
0.
-1	0	-1	0
0.	0.
0.	1.
-1	2	-1	2
0.	0.
0.	1.
0	-1	0	-1
1.
0	1	0	1
0.	0.	0.	0.
0.	1.	0.	0.
0.	0.	1.	0.
0.	0.	0.	2.
0	3	0	3
1.
1	0	1	0
1.	0.
0.	2.
1	2	1	2
1.	0.
0.	2.
2	1	2	1
2.
sn_d^2
9
-2	1	-2	1
0.
-1	0	-1	0
0.	0.
0.	1.
-1	2	-1	2
0.	0.
0.	1.
0	-1	0	-1
1.
0	1	0	1
0.	0.	0.	0.
0.	1.	0.	0.
0.	0.	1.	0.
0.	0.	0.	4.
0	3	0	3
1.
1	0	1	0
1.	0.
0.	4.
1	2	1	2
1.	0.
0.	4.
2	1	2	1
4.
shop0
9
-2	1	-2	1
0.
-1	0	-1	0
0.	1.
1.	0.
-1	2	-1	2
0.	1.
1.	0.
0	-1	0	-1
0.
0	1	0	1
0.	-1.	1.	0.
-1.	0.	0.	-1.
1.	0.	0.	1.
0.	-1.	1.	0.
0	3	0	3
0.
1	0	1	0
0.	-1.
-1.	0.
1	2	1	2
0.	-1.
-1.	0.
2	1	2	1
0.
dA_d
12
2	1	1	2
op.A_d_2.1_1.2
2	1	1	0
op.A_d_2.1_1.0
1	2	0	3
op.A_d_1.2_0.3
1	2	0	1
op.A_d_1.2_0.1
1	0	0	1
op.A_d_1.0_0.1
1	0	0	-1
op.A_d_1.0_0.-1
0	3	-1	2
op.A_d_0.3_-1.2
0	1	-1	2
op.A_d_0.1_-1.2
0	1	-1	0
op.A_d_0.1_-1.0
0	-1	-1	0
op.A_d_0.-1_-1.0
-1	2	-2	1
op.A_d_-1.2_-2.1
-1	0	-2	1
op.A_d_-1.0_-2.1
tsigma_d
0
dself_d
12
2	1	1	2
op.self_d_2.1_1.2
2	1	1	0
op.self_d_2.1_1.0
1	2	0	3
op.self_d_1.2_0.3
1	2	0	1
op.self_d_1.2_0.1
1	0	0	1
op.self_d_1.0_0.1
1	0	0	-1
op.self_d_1.0_0.-1
0	3	-1	2
op.self_d_0.3_-1.2
0	1	-1	2
op.self_d_0.1_-1.2
0	1	-1	0
op.self_d_0.1_-1.0
0	-1	-1	0
op.self_d_0.-1_-1.0
-1	2	-2	1
op.self_d_-1.2_-2.1
-1	0	-2	1
op.self_d_-1.0_-2.1
sSZd
9
-2	1	-2	1
0.
-1	0	-1	0
0.	0.
0.	-0.5
-1	2	-1	2
0.	0.
0.	0.5
0	-1	0	-1
-0.5
0	1	0	1
0.	0.	0.	0.
0.	-0.5	0.	0.
0.	0.	0.5	0.
0.	0.	0.	0.
0	3	0	3
0.5
1	0	1	0
-0.5	0.
0.	0.
1	2	1	2
0.5	0.
0.	0.
2	1	2	1
0.
