# Input file for NRG Ljubljana
# symtype 	QS
# Using sneg version 	1.251
#!9
# Number of channels, chain sites, subspaces: 
1	0	6
# SCALE 	1.0201394465967895
# Energies (GS energy subtracted, multiplied by 1/SCALE):
-2	1
1
DIAG 	ham.model..QS_-2.1
-1	2
2
DIAG 	ham.model..QS_-1.2
0	1
3
DIAG 	ham.model..QS_0.1
0	3
1
DIAG 	ham.model..QS_0.3
1	2
2
DIAG 	ham.model..QS_1.2
2	1
1
DIAG 	ham.model..QS_2.1
# Irreducible matrix elements for Wilson chains:
f 0 0
6
2	1	1	2
0.	1.4142135623730951
1	2	0	3
1.224744871391589
0.
1	2	0	1
0.	-0.7071067811865475	0.
0.	0.	1.
0	3	-1	2
0.	1.
0	1	-1	2
1.4142135623730951	0.
0.	1.
0.	0.
-1	2	-2	1
1.
0.
# GS energy in absolute units:
e
1
# Irreducible matrix elements for other operators:
sn_d
6
-2	1	-2	1
0.
-1	2	-1	2
0.	0.
0.	1.
0	1	0	1
0.	0.	0.
0.	1.	0.
0.	0.	2.
0	3	0	3
1.
1	2	1	2
1.	0.
0.	2.
2	1	2	1
2.
sn_d^2
6
-2	1	-2	1
0.
-1	2	-1	2
0.	0.
0.	1.
0	1	0	1
0.	0.	0.
0.	1.	0.
0.	0.	4.
0	3	0	3
1.
1	2	1	2
1.	0.
0.	4.
2	1	2	1
4.
shop0
6
-2	1	-2	1
0.
-1	2	-1	2
0.	1.
1.	0.
0	1	0	1
0.	1.4142135623730951	0.
1.4142135623730951	0.	1.4142135623730951
0.	1.4142135623730951	0.
0	3	0	3
0.
1	2	1	2
0.	-1.
-1.	0.
2	1	2	1
0.
dA_d
6
2	1	1	2
1.4142135623730951	0.
1	2	0	3
0.
-1.224744871391589
1	2	0	1
1.	0.	0.
0.	-0.7071067811865475	0.
0	3	-1	2
-1.	0.
0	1	-1	2
0.	0.
1.	0.
0.	1.4142135623730951
-1	2	-2	1
0.
1.
tsigma_d
8
2	1	2	1
0.
1	2	1	2
0.8660254037844386	0.
0.	0.
0	3	0	3
0.7071067811865476
0	3	0	1
0.	0.5	0.
0	1	0	3
0.
-0.8660254037844386
0.
0	1	0	1
0.	0.	0.
0.	0.	0.
0.	0.	0.
-1	2	-1	2
0.	0.
0.	0.8660254037844386
-2	1	-2	1
0.
dself_d
6
2	1	1	2
0.14142135623730953	0.
1	2	0	3
0.
-0.1224744871391589
1	2	0	1
0.	0.	0.
0.	-0.07071067811865475	0.
0	3	-1	2
0.	0.
0	1	-1	2
0.	0.
0.	0.
0.	0.14142135623730953
-1	2	-2	1
0.
0.
